9.18449,3.7993,0
10.12694,2.26971,0
2.50794,2.93869,0
11.51544,3.89194,0
8.05838,2.42984,0
4.07174,2.96911,0
8.63002,2.04458,0
3.68401,2.48582,0
7.82793,3.62413,0
4.77372,3.49313,0
3.58772,3.11156,0
2.17195,2.50264,0
5.78866,3.62338,0
4.19171,3.1899,0
4.02086,3.75981,0
6.37571,3.65871,0
2.70896,2.24727,0
11.87359,2.73745,0
10.93289,2.34004,0
10.63802,3.39656,0
7.87115,2.73252,0
7.93081,3.73548,0
7.05958,3.91371,0
2.10938,3.36985,0
5.35211,3.03374,0
2.59084,3.20919,0
10.04779,3.08911,0
6.31858,2.77608,0
6.56573,3.06319,0
10.33262,2.67944,0
2.55856,2.44066,0
5.2108,3.65942,0
6.27265,3.74924,0
4.75866,3.66574,0
2.04116,3.9871,0
5.88443,2.91043,0
7.90505,2.07635,0
5.70167,3.27251,0
10.02821,3.80435,0
8.42212,3.43795,0
6.03535,2.654,0
10.26276,2.75657,0
6.10096,3.07735,0
6.06057,2.34135,0
10.59475,3.25221,0
11.86338,2.74067,0
4.93706,2.31976,0
3.23274,3.72363,0
11.79221,2.21647,0
4.89279,3.82632,0
2.51014,2.79536,0
8.97961,2.1185,0
8.53875,2.12255,0
10.17913,2.66198,0
11.09243,2.86169,0
4.69808,3.47614,0
10.28385,2.20373,0
8.02198,3.44211,0
7.04643,3.70601,0
5.68691,2.00187,0
8.24622,3.98152,0
5.87689,3.77981,0
7.05023,2.64871,0
5.71087,3.95533,0
6.67529,2.34341,0
11.54582,2.85888,0
9.95531,2.57303,0
5.20226,3.4284,0
2.70677,3.54956,0
3.59146,3.73217,0
6.53961,2.58104,0
11.24754,2.84523,0
10.94169,2.06935,0
3.44121,2.7986,0
11.80618,3.70978,0
11.31966,3.5314,0
8.65633,3.19223,0
2.80528,2.43954,0
7.69334,3.09486,0
6.23526,3.91058,0
4.77911,3.12363,0
11.79419,3.85443,0
7.85653,3.18776,0
8.8731,2.80276,0
5.65569,3.21164,0
4.31447,3.69345,0
11.33058,2.51547,0
6.16843,3.06559,0
4.70602,3.96384,0
8.29008,2.90331,0
4.50015,2.61003,0
8.11836,2.36484,0
7.24362,3.75508,0
2.16046,2.00432,0
8.79932,2.69148,0
4.48274,2.38505,0
2.94005,3.90706,0
9.23925,2.74245,0
6.2228,2.6957,0
10.19014,3.3641,0
11.74732,2.65219,0
8.03966,3.64679,0
2.14997,3.20451,0
10.18521,2.27057,0
10.74693,3.40636,0
9.68054,3.42681,0
4.20266,3.83768,0
5.59985,2.4412,0
8.88123,2.77744,0
7.18664,3.64564,0
10.19939,2.35854,0
8.02503,3.87946,0
9.65411,2.01718,0
7.22639,2.90052,0
11.78275,3.87187,0
10.23431,3.65315,0
4.12937,2.52258,0
3.1601,2.13603,0
4.50047,3.37815,0
10.27217,2.55272,0
4.41342,3.80331,0
7.37283,2.61281,0
9.04963,2.00538,0
7.76268,3.64011,0
11.73822,2.85377,0
5.30921,2.93404,0
3.78478,3.57245,0
11.61105,2.46572,0
9.16919,3.57016,0
10.888,3.64585,0
7.28088,3.23769,0
3.18499,2.81188,0
8.36815,2.67209,0
11.56152,3.24979,0
4.52848,3.87124,0
2.94496,3.14319,0
10.04223,2.94171,0
7.87998,3.67933,0
7.09161,3.84423,0
10.33296,2.6635,0
4.32534,3.33577,0
10.57947,3.14643,0
4.60428,3.38353,0
2.40323,2.34323,0
11.90466,2.51144,0
11.96432,2.04012,0
6.40757,3.44624,0
8.36019,2.92825,0
10.93737,3.84468,0
8.77559,2.03606,0
8.48641,3.61578,0
4.03574,2.35367,0
7.96379,2.48483,0
2.19268,2.79918,0
6.95374,3.64101,0
8.44959,2.03195,0
5.235,2.2789,0
2.40137,2.24433,0
6.15038,2.64478,0
5.66651,3.09949,0
2.26958,2.65124,0
6.49766,2.66776,0
9.17804,3.08099,0
7.16107,3.89797,0
11.20399,2.81734,0
9.78606,3.78111,0
4.83539,3.64972,0
3.47856,3.32536,0
9.3795,3.90348,0
8.39349,3.22484,0
6.01275,2.91719,0
8.41369,2.14814,0
5.34763,3.53797,0
9.3268,3.49616,0
4.31642,3.47899,0
7.71891,2.02649,0
3.9876,3.06041,0
4.31893,3.85445,0
5.46761,2.58766,0
10.92705,2.52739,0
4.05879,3.33096,0
3.36736,3.16434,0
11.2918,2.80012,0
9.68675,2.38236,0
2.49375,3.1918,0
3.85907,2.90988,0
11.64157,3.75178,0
3.8431,2.64309,0
7.22405,3.69722,0
4.63128,3.32584,0
11.92069,3.28214,0
10.40318,2.30634,0
7.44965,2.94621,0
8.70647,3.88984,0
5.7472,3.32766,0
9.4491,2.01565,0
9.97374,3.06916,0
8.36663,3.30137,0
2.7862,2.10939,0
2.75477,3.66074,0
9.98387,2.25891,0
4.39959,2.46542,0
2.34348,3.12192,0
11.27496,2.52044,0
9.88964,3.80524,0
9.42819,3.08926,0
10.2784,3.64596,0
7.35536,2.88265,0
6.13032,2.07283,0
10.77875,3.16124,0
6.85281,3.10741,0
4.01207,3.03594,0
8.02787,3.61226,0
3.9511,2.81795,0
4.97528,3.89161,0
5.95547,3.28611,0
11.70518,3.79855,0
5.89105,3.63935,0
11.92364,2.15498,0
8.84509,3.40742,0
6.84413,2.51809,0
3.19965,2.56659,0
10.08526,3.6799,0
9.19694,2.04633,0
6.96525,3.88478,0
7.55056,3.30473,0
2.32537,2.28534,0
4.6178,3.24497,0
9.41935,2.90406,0
11.66971,2.26839,0
9.67451,3.47667,0
11.13345,2.25645,0
5.15101,2.63033,0
5.41718,2.57118,0
7.01857,3.73699,0
8.3331,2.51226,0
5.94117,3.01501,0
8.1285,2.97386,0
3.69921,2.1939,0
11.87713,3.13417,0
3.75452,3.88324,0
8.53774,2.84753,0
2.78969,3.34091,0
11.1349,2.8045,0
10.33249,2.76058,0
7.44032,2.79263,0
8.96819,3.56395,0
3.06677,3.82958,0
2.93612,2.54052,0
2.67619,2.02993,0
-2.81744,-2.57682,1
-7.61595,-3.47969,1
-2.54714,-3.16371,1
-6.46654,-2.03782,1
-6.55842,-3.47872,1
-9.88698,-3.05583,1
-9.83278,-2.76057,1
-3.11652,-3.45909,1
-8.37162,-2.87593,1
-2.3002,-3.4617,1
-3.99848,-3.59759,1
-2.2841,-3.27633,1
-6.75346,-3.58763,1
-11.38814,-2.82926,1
-2.22183,-2.54162,1
-2.40646,-3.72594,1
-10.46341,-2.99844,1
-2.10392,-3.88908,1
-10.45166,-2.29275,1
-2.46985,-2.36023,1
-5.94551,-2.08412,1
-3.17252,-3.51837,1
-6.67006,-3.2004,1
-6.5206,-2.65153,1
-11.19014,-2.09601,1
-7.33024,-2.66662,1
-3.34619,-2.40414,1
-4.59321,-3.73069,1
-9.44221,-3.42693,1
-6.67908,-3.10535,1
-2.378,-2.33448,1
-2.07601,-2.01477,1
-2.55585,-2.28357,1
-3.94824,-3.44625,1
-10.65819,-3.70944,1
-9.97979,-2.42984,1
-5.85115,-3.5689,1
-11.54074,-2.78895,1
-5.76443,-3.65134,1
-10.2838,-3.64164,1
-7.1736,-2.07364,1
-5.13282,-2.21043,1
-8.27732,-3.7542,1
-9.45598,-2.3616,1
-5.29759,-3.34497,1
-5.62652,-3.31534,1
-4.88184,-3.19554,1
-6.13172,-3.07169,1
-3.56033,-2.78038,1
-10.80505,-3.17251,1
-2.87128,-3.97355,1
-4.26264,-2.21516,1
-5.63386,-2.52653,1
-4.41797,-2.79608,1
-7.9641,-3.73933,1
-5.25281,-2.015,1
-4.60477,-2.41333,1
-7.61891,-3.78268,1
-2.46305,-2.85063,1
-9.878,-2.53038,1
-10.83542,-2.97022,1
-5.68685,-2.35227,1
-9.00652,-3.12835,1
-9.16151,-2.39948,1
-8.49015,-2.04598,1
-8.60915,-2.51028,1
-3.66035,-2.9017,1
-10.68415,-3.96826,1
-7.72439,-2.34376,1
-9.87987,-2.17012,1
-7.58175,-2.73509,1
-9.65921,-3.3709,1
-8.52327,-3.56577,1
-6.91604,-3.45538,1
-7.4451,-2.58707,1
-2.35571,-2.38173,1
-11.7784,-2.56096,1
-10.6206,-2.70124,1
-4.3024,-3.56835,1
-2.42047,-3.82583,1
-9.80737,-3.3811,1
-6.24635,-2.32122,1
-8.81378,-2.74338,1
-6.44383,-3.55325,1
-3.81075,-2.34773,1
-2.1763,-3.67806,1
-11.14522,-2.80682,1
-8.93245,-2.58847,1
-7.82702,-2.59405,1
-3.70799,-3.50522,1
-3.40421,-2.44248,1
-11.46503,-3.93945,1
-5.92611,-2.93919,1
-10.5106,-3.573,1
-2.65531,-2.41445,1
-2.33377,-2.48796,1
-3.75656,-2.19111,1
-3.6067,-3.61107,1
-9.90242,-3.83561,1
-11.93993,-2.47115,1
-10.51905,-2.39831,1
-7.10333,-2.8854,1
-5.79858,-2.51623,1
-8.04446,-3.96392,1
-7.74632,-3.47934,1
-4.92946,-3.5773,1
-8.12908,-3.77636,1
-11.67986,-3.21926,1
-7.37091,-3.66736,1
-5.88102,-3.79847,1
-7.1237,-2.73175,1
-4.80507,-3.95378,1
-11.16543,-2.27493,1
-9.51156,-3.58009,1
-6.25609,-2.24125,1
-5.11223,-2.77875,1
-5.35909,-3.0702,1
-9.60864,-2.32968,1
-10.59003,-3.22311,1
-5.09541,-3.49779,1
-7.88278,-2.31953,1
-4.78256,-3.70588,1
-9.72557,-3.75876,1
-6.55857,-2.8119,1
-9.89482,-2.36691,1
-4.6918,-3.97976,1
-5.80409,-2.65121,1
-5.2013,-3.72089,1
-3.5338,-3.47834,1
-4.33433,-3.97776,1
-9.29157,-2.89629,1
-5.80506,-3.34492,1
-3.04722,-3.73118,1
-5.96965,-2.23859,1
-7.65241,-2.15654,1
-2.7537,-2.47362,1
-4.99657,-2.90526,1
-11.92454,-3.73316,1
-2.83056,-2.18984,1
-2.37005,-2.79469,1
-3.44541,-2.70565,1
-7.166,-3.32426,1
-10.87992,-2.86002,1
-9.81312,-3.29395,1
-10.62914,-3.44809,1
-6.67223,-2.41417,1
-5.36656,-2.48799,1
-10.61389,-2.29793,1
-9.51948,-3.29195,1
-5.55868,-2.92692,1
-10.48537,-2.47784,1
-9.36569,-2.20201,1
-2.09447,-2.63817,1
-9.72711,-3.27019,1
-5.23938,-3.91407,1
-5.18343,-3.58871,1
-2.70622,-3.45067,1
-3.61578,-3.91635,1
-5.82239,-3.36918,1
-4.69097,-3.66399,1
-2.75113,-2.76024,1
-4.3703,-2.00678,1
-5.41921,-2.48396,1
-2.24714,-3.45099,1
-9.40538,-2.47399,1
-4.1609,-2.1695,1
-9.52026,-2.52998,1
-11.05652,-2.53491,1
-10.91711,-2.90822,1
-10.5638,-2.40016,1
-3.55318,-2.01971,1
-9.36713,-3.26133,1
-4.06158,-2.16685,1
-5.53338,-3.1762,1
-10.37585,-2.04794,1
-3.48019,-2.1096,1
-9.10956,-3.86864,1
-5.58716,-3.41674,1
-2.75075,-2.92604,1
-2.68236,-3.8089,1
-8.19557,-2.90091,1
-2.71955,-3.09899,1
-6.63692,-2.60917,1
-4.00647,-2.55645,1
-6.8488,-3.06265,1
-6.16886,-2.86732,1
-5.567,-2.25566,1
-8.44308,-2.52375,1
-7.86285,-2.59261,1
-4.13256,-2.95934,1
-10.84025,-2.54729,1
-8.68632,-3.62572,1
-4.27516,-2.09528,1
-3.74338,-2.39598,1
-4.34077,-2.95829,1
-11.32991,-3.92613,1
-2.9299,-2.94254,1
-10.84608,-2.14792,1
-10.40855,-2.91425,1
-8.88433,-3.56336,1
-11.39408,-3.73685,1
-3.90894,-3.91558,1
-9.66885,-2.80165,1
-10.86043,-3.91137,1
-2.25874,-3.83348,1
-8.57508,-3.74391,1
-8.24158,-3.0789,1
-6.52232,-2.56655,1
-8.32773,-3.25905,1
-9.15235,-3.63696,1
-5.96429,-3.41239,1
-4.98101,-2.21214,1
-9.73615,-2.64538,1
-6.28579,-2.46031,1
-6.42785,-3.18127,1
-10.93103,-2.87095,1
-10.56537,-3.47049,1
-5.60959,-2.11927,1
-3.37259,-2.04029,1
-7.1427,-2.11786,1
-6.93501,-2.4027,1
-4.13267,-3.67968,1
-8.27516,-2.78989,1
-6.17325,-2.63933,1
-6.67296,-3.61274,1
-9.65467,-3.00877,1
-4.75276,-3.11185,1
-6.19892,-2.1277,1
-10.54024,-2.84696,1
-3.48283,-3.10887,1
-3.96386,-2.15096,1
-7.12228,-2.25024,1
-8.59351,-3.7958,1
-9.90863,-2.13202,1
-7.63328,-3.3457,1
-11.92238,-3.8721,1
-5.41858,-3.85077,1
-4.26265,-3.05538,1
-11.53432,-2.35844,1
-9.029,-3.45039,1
-8.20529,-3.23443,1
-11.04163,-3.21594,1
-4.50012,-3.44537,1
-4.20804,-2.61434,1
-6.9333,-2.37395,1
-11.14137,-3.83724,1
-8.73388,-3.3308,1
-7.33564,-2.79169,1
-5.72362,-2.68338,1
-5.18997,-3.15817,1
4.05843,-3.81204,2
3.79109,-2.84478,2
7.54186,-2.21042,2
7.88401,-3.06953,2
4.71966,-3.1241,2
6.81599,-2.29388,2
7.1109,-2.73033,2
2.14471,-2.17515,2
7.45251,-3.92425,2
6.75205,-2.21475,2
4.9613,-3.26292,2
5.28175,-2.49296,2
9.72209,-2.07054,2
10.74046,-2.23489,2
10.82753,-3.25232,2
11.86255,-3.79175,2
6.76026,-3.23481,2
6.43816,-3.59255,2
4.2848,-3.7502,2
9.05725,-2.49199,2
2.60041,-2.42641,2
8.74729,-3.06511,2
11.92117,-2.55165,2
6.0612,-2.77778,2
3.09794,-3.59303,2
8.76679,-2.01692,2
3.66067,-2.11586,2
11.14959,-2.4556,2
3.49721,-3.6039,2
3.89458,-2.96041,2
7.51252,-2.04799,2
7.09355,-3.78745,2
5.88427,-3.83004,2
3.96032,-2.90905,2
4.65607,-2.48629,2
8.8905,-3.26211,2
11.54861,-3.3693,2
7.07894,-2.20604,2
9.26347,-3.51183,2
8.12968,-3.7914,2
2.45651,-3.31842,2
5.65735,-2.22149,2
4.01923,-2.85639,2
9.43382,-2.1144,2
6.31354,-2.53065,2
8.88305,-2.65041,2
10.05418,-2.33296,2
9.12639,-2.59333,2
9.84658,-3.25404,2
2.66762,-2.60042,2
2.608,-2.90878,2
11.3297,-2.9656,2
4.70751,-3.6089,2
11.92803,-2.32448,2
2.1576,-2.62338,2
3.59596,-2.77086,2
9.90311,-2.16943,2
7.52562,-3.98382,2
9.7605,-2.93085,2
3.28943,-2.41783,2
9.48065,-3.89905,2
5.65081,-3.99145,2
11.54426,-2.51506,2
8.43567,-2.11243,2
11.14785,-3.68135,2
11.39446,-2.85146,2
9.31285,-3.38335,2
6.13864,-3.80626,2
10.67688,-2.60303,2
3.99994,-2.55334,2
11.81009,-2.31294,2
4.29157,-3.65745,2
11.79259,-3.66989,2
4.38668,-2.55811,2
3.28956,-2.03305,2
9.78966,-3.26279,2
6.26443,-2.07663,2
2.73373,-3.41228,2
8.99259,-3.67019,2
5.81309,-2.48896,2
7.75101,-3.46577,2
6.53518,-2.30602,2
4.5643,-2.68886,2
11.60002,-3.31729,2
3.75259,-2.06747,2
9.86318,-3.15218,2
11.95288,-2.13384,2
3.43184,-3.7509,2
11.66574,-2.90563,2
3.82418,-3.29265,2
9.64041,-2.19336,2
11.73192,-2.39295,2
2.43475,-2.86659,2
11.59235,-2.25469,2
8.74335,-3.64536,2
4.24937,-3.08006,2
4.96856,-3.92316,2
5.11305,-3.54488,2
6.39243,-3.75412,2
5.45575,-3.06394,2
6.15535,-3.06262,2
4.97143,-2.66445,2
4.64043,-3.13697,2
8.47749,-3.35042,2
10.62163,-3.88172,2
8.84479,-3.53779,2
5.38725,-3.65043,2
5.94573,-3.73943,2
3.32267,-2.504,2
11.8266,-3.61928,2
8.73384,-2.37133,2
6.50986,-2.10859,2
5.56222,-3.5294,2
7.84442,-2.58728,2
7.17985,-3.5607,2
10.95506,-2.50222,2
6.19205,-3.95013,2
6.11997,-2.95393,2
2.12716,-2.30152,2
9.96523,-2.83825,2
4.88359,-2.68838,2
7.99604,-3.05121,2
5.51077,-2.14015,2
8.28733,-3.58539,2
7.11114,-3.78092,2
8.61233,-3.52287,2
2.05134,-2.59482,2
3.16139,-3.35608,2
9.56472,-3.45809,2
4.57753,-2.76179,2
5.66076,-3.18073,2
10.03479,-2.97518,2
2.04662,-3.27341,2
10.54759,-2.84219,2
7.48697,-3.45503,2
6.40627,-2.44866,2
6.29747,-3.02981,2
5.83026,-3.07839,2
11.05366,-3.89326,2
2.02043,-3.55959,2
10.27201,-3.63127,2
11.7234,-3.2154,2
5.03944,-2.929,2
2.25066,-2.92534,2
4.02953,-3.16269,2
8.15111,-3.44753,2
4.28427,-2.69209,2
9.16955,-3.58966,2
3.76561,-2.49124,2
7.37098,-2.3322,2
3.45302,-3.41864,2
6.54989,-2.00415,2
4.23106,-2.67447,2
7.80171,-3.85923,2
3.76699,-3.56226,2
10.8438,-2.46285,2
9.10328,-2.12183,2
8.62971,-3.56065,2
11.37905,-3.24271,2
2.77951,-3.04031,2
2.00733,-3.32486,2
4.36972,-3.39263,2
9.6367,-3.99967,2
11.12827,-3.21006,2
2.21749,-3.48285,2
4.8049,-2.36106,2
4.96328,-3.72915,2
3.06234,-2.91289,2
8.31859,-2.12234,2
8.83973,-3.70335,2
3.27796,-3.52291,2
5.27265,-3.14904,2
4.2363,-2.18351,2
8.5432,-2.53941,2
6.94953,-3.63595,2
10.69782,-2.66315,2
5.24093,-2.68825,2
9.06781,-2.61821,2
6.61672,-3.73997,2
3.05204,-2.02896,2
8.16757,-3.48663,2
9.58252,-3.84384,2
8.61015,-2.12172,2
4.88134,-3.23554,2
10.74213,-2.11318,2
11.88883,-3.50708,2
6.73764,-3.00541,2
7.93496,-2.49921,2
7.72566,-3.55568,2
8.78516,-2.38554,2
6.13832,-2.83091,2
11.09787,-2.24926,2
11.27891,-2.76379,2
3.44757,-2.55601,2
7.66004,-2.70507,2
4.05348,-2.26573,2
4.56311,-2.47575,2
5.28376,-3.17885,2
8.99868,-2.79661,2
11.57917,-2.04073,2
10.60263,-2.54309,2
4.96224,-2.60847,2
7.47279,-3.87604,2
4.70755,-2.50881,2
3.1351,-2.90373,2
2.50472,-2.12568,2
4.04698,-2.96165,2
7.00195,-3.34321,2
7.06743,-2.58545,2
4.00301,-2.62688,2
8.29261,-2.95303,2
11.55925,-2.49427,2
7.47291,-2.54341,2
7.50754,-2.52492,2
8.85785,-2.57615,2
9.58259,-3.04298,2
4.27731,-2.213,2
11.68566,-2.90124,2
3.98886,-3.18406,2
6.37358,-2.86404,2
7.70337,-3.23284,2
7.42827,-3.94591,2
2.10195,-2.08263,2
3.40333,-3.67712,2
3.44229,-3.83929,2
10.72067,-3.22982,2
10.1558,-2.86386,2
10.87188,-2.83843,2
7.20564,-2.55588,2
10.79874,-3.54305,2
5.17606,-3.89946,2
5.09546,-3.26896,2
3.94168,-2.41795,2
11.21543,-3.86963,2
11.8102,-3.69833,2
4.62835,-3.87273,2
3.55529,-2.17078,2
5.87728,-3.22577,2
6.10904,-2.04989,2
2.13479,-3.45048,2
2.2378,-3.55278,2
3.1475,-3.14213,2
9.20626,-2.94088,2
7.62868,-2.11389,2
8.1641,-3.57476,2
7.67262,-3.80891,2
4.36253,-2.57592,2
3.16303,-3.36773,2
9.27944,-2.85676,2
6.40223,-3.61925,2
-10.36666,2.38446,3
-11.88905,3.69255,3
-6.30839,2.70294,3
-2.8591,2.80098,3
-3.67881,3.31753,3
-6.4301,3.11959,3
-4.56719,3.19142,3
-4.08065,2.97895,3
-4.40617,2.76209,3
-3.88199,2.92627,3
-7.97989,3.24711,3
-8.60769,3.37344,3
-7.42453,3.76564,3
-6.09152,2.05311,3
-3.83441,3.74787,3
-10.08892,3.3184,3
-11.84079,2.70825,3
-3.34916,2.60083,3
-9.35835,3.89948,3
-5.95144,2.93756,3
-7.64103,3.90239,3
-8.86502,2.89218,3
-10.32644,2.13685,3
-6.91696,3.97917,3
-3.06131,3.84394,3
-4.53081,2.9952,3
-4.2618,2.93859,3
-5.38818,2.22215,3
-6.40297,3.25221,3
-10.49387,3.87012,3
-5.48331,3.55654,3
-9.88123,2.51834,3
-7.32986,2.46053,3
-4.22646,3.26569,3
-5.21231,3.88455,3
-5.87556,3.93841,3
-10.94168,2.379,3
-6.62919,2.2875,3
-10.55411,2.09757,3
-8.8512,3.36991,3
-11.69863,2.32281,3
-2.49288,3.82674,3
-3.62978,2.79333,3
-3.47372,2.12829,3
-10.22209,2.17769,3
-5.9727,3.27111,3
-6.5082,3.27756,3
-5.14059,3.81411,3
-3.43521,2.57808,3
-4.11298,2.9415,3
-4.67441,3.33375,3
-4.07701,3.60475,3
-4.63144,2.74408,3
-2.34643,2.21053,3
-6.0833,3.57107,3
-2.05329,3.19932,3
-2.23435,2.84785,3
-4.63084,2.62989,3
-9.82075,2.35158,3
-8.33745,2.80959,3
-4.07481,2.76889,3
-9.68165,3.64908,3
-4.40965,2.17699,3
-3.96878,2.6899,3
-3.01936,2.25985,3
-6.66601,3.62327,3
-9.32557,2.41212,3
-2.74678,2.17521,3
-3.51933,3.38988,3
-4.01928,2.86441,3
-11.58637,2.85331,3
-9.85709,3.53116,3
-8.80611,2.76022,3
-11.18225,3.15295,3
-6.93657,3.21073,3
-8.64639,3.43497,3
-9.53698,3.66367,3
-7.29201,2.47943,3
-3.93219,3.9053,3
-9.45807,3.84546,3
-2.92688,2.45741,3
-11.18982,2.90225,3
-6.40397,3.62153,3
-8.57983,3.36383,3
-3.12498,3.14128,3
-11.99184,2.32393,3
-2.24996,2.33784,3
-4.53801,3.57296,3
-3.3579,3.98989,3
-8.11962,2.07461,3
-4.48323,2.84397,3
-4.91362,3.72255,3
-5.52416,2.6873,3
-3.11009,2.42193,3
-4.47069,3.76474,3
-7.94118,3.69765,3
-11.74523,3.18321,3
-11.2439,2.30351,3
-7.82035,2.10687,3
-2.31779,2.26315,3
-2.28587,2.49625,3
-2.57615,3.20488,3
-3.69204,2.60664,3
-3.9119,3.03425,3
-8.33702,3.82943,3
-2.15857,3.2584,3
-7.95773,2.90178,3
-10.23771,3.41842,3
-3.81782,2.2304,3
-3.68781,3.73169,3
-11.01482,3.41731,3
-4.26623,3.66318,3
-2.94392,3.95313,3
-8.40709,2.81419,3
-6.80661,2.62458,3
-3.16991,3.39981,3
-8.578,3.42659,3
-7.44248,3.20939,3
-7.36639,3.51728,3
-5.45475,3.30598,3
-10.72891,2.87202,3
-5.7322,2.95145,3
-2.24948,3.72473,3
-5.70582,2.98239,3
-10.42349,3.2965,3
-2.83606,3.25373,3
-10.58045,3.38262,3
-8.37401,2.51669,3
-3.09465,2.79126,3
-2.58388,3.97262,3
-3.01027,3.58033,3
-2.25705,3.78749,3
-9.41153,2.25754,3
-10.33082,2.66633,3
-7.50694,3.46585,3
-7.44224,2.51101,3
-4.87405,2.15285,3
-10.20652,3.83276,3
-3.83644,3.93828,3
-4.18527,2.22865,3
-5.17156,2.36485,3
-8.30842,3.8208,3
-10.32044,2.60495,3
-6.20112,3.63009,3
-3.65317,2.13344,3
-9.39417,3.45802,3
-4.51461,2.78102,3
-2.83709,3.48977,3
-11.06003,3.93226,3
-8.38634,2.68836,3
-3.32074,3.42383,3
-9.55841,3.22958,3
-3.07858,3.75605,3
-4.09818,3.39628,3
-2.3453,3.48057,3
-7.37821,2.02435,3
-9.396,3.01774,3
-7.78401,3.21218,3
-11.74155,3.72999,3
-7.15955,3.34141,3
-4.38529,2.26678,3
-10.67116,3.02845,3
-6.42367,3.29426,3
-3.48199,3.08543,3
-4.7558,2.39407,3
-5.66612,3.00447,3
-10.32893,2.69814,3
-11.99776,3.93746,3
-10.33769,3.57393,3
-3.60255,3.85727,3
-8.5073,2.73241,3
-7.83891,3.96515,3
-8.31987,2.89064,3
-10.20167,3.09367,3
-5.03981,3.71258,3
-10.58787,3.66271,3
-10.75006,3.11907,3
-2.98016,3.50398,3
-11.0545,2.78604,3
-10.88399,2.96723,3
-4.32135,3.57061,3
-2.84273,3.29254,3
-2.15553,3.57325,3
-4.61999,2.50443,3
-9.26925,2.36018,3
-8.04344,2.55865,3
-8.2133,3.95107,3
-5.16488,2.15474,3
-10.55907,2.38428,3
-2.07752,2.35657,3
-6.34949,2.43905,3
-6.93381,3.51054,3
-11.17104,2.03952,3
-4.01533,3.80064,3
-2.25196,2.77678,3
-5.66335,2.87166,3
-8.81174,3.45452,3
-6.38583,3.54274,3
-7.36936,2.65399,3
-11.81218,2.07592,3
-8.63045,2.37266,3
-8.26332,3.00733,3
-4.51547,3.38225,3
-5.40571,3.72571,3
-6.73589,3.29293,3
-4.3405,3.15937,3
-9.25894,2.43565,3
-8.63658,2.08826,3
-3.14149,2.63912,3
-7.30764,3.07678,3
-3.97013,3.49836,3
-8.77756,3.95837,3
-11.53991,2.11325,3
-3.58654,2.34924,3
-4.54212,2.48701,3
-2.50981,2.94934,3
-7.91247,2.45438,3
-10.67893,2.728,3
-11.4426,3.64863,3
-8.45481,3.86656,3
-4.38263,2.52072,3
-9.0252,3.7636,3
-3.33544,3.50483,3
-5.70599,3.67379,3
-9.96549,2.8294,3
-9.68906,2.99047,3
-2.31114,3.95596,3
-6.45523,3.75506,3
-10.01957,2.54158,3
-8.70973,2.55262,3
-11.99018,2.80488,3
-5.06499,3.2918,3
-6.17031,2.09351,3
-5.8021,3.42564,3
-3.18077,2.98693,3
-5.9044,3.28984,3
-3.9406,2.72285,3
-4.98024,2.77819,3
-11.87853,2.78457,3
-4.96789,3.71278,3
-7.76352,2.17845,3
-10.34563,2.08457,3
-6.14909,2.60433,3
-8.33634,2.30379,3
-7.2551,3.09994,3
-4.55559,2.27128,3
-8.46832,3.08663,3
-10.49429,3.92532,3
-7.96162,2.03813,3
-6.07307,3.95287,3
2.4106,10.05398,0
2.83374,2.55331,0
3.14006,11.39185,0
2.27955,2.60172,0
2.67979,10.72527,0
2.32511,4.68234,0
2.26648,10.4286,0
2.2093,3.22106,0
2.42232,5.93204,0
2.98779,5.53342,0
3.8455,5.13906,0
3.03704,2.06109,0
3.4428,7.2344,0
3.58258,5.73588,0
3.79552,10.24211,0
3.49822,8.1368,0
3.96232,9.02449,0
2.70644,8.761,0
2.27112,7.23666,0
3.90093,2.02774,0
3.71994,3.43865,0
3.4181,5.91219,0
3.96369,7.48181,0
2.30422,9.53691,0
2.14489,6.61045,0
2.68913,9.3284,0
3.95011,3.48674,0
2.96882,3.56677,0
3.4943,9.87545,0
2.20923,10.89437,0
2.44066,6.2511,0
3.95225,5.28075,0
2.99728,9.65913,0
2.1526,6.48241,0
3.84732,3.50792,0
3.67418,3.82203,0
2.35776,5.42041,0
2.1384,4.43494,0
3.41578,6.69441,0
3.67792,7.22985,0
3.87235,3.63417,0
2.76742,6.74542,0
3.03633,9.61436,0
3.54016,8.70046,0
2.64737,10.17704,0
2.13813,4.56978,0
3.19945,2.71887,0
2.38106,6.50126,0
3.06025,2.99434,0
3.95939,3.45068,0
3.40165,8.26217,0
3.75941,7.38123,0
3.84875,4.99194,0
2.91618,5.04116,0
2.76585,4.79143,0
2.98108,10.03254,0
2.08663,4.30559,0
2.52139,6.48177,0
2.47428,3.92233,0
3.10331,8.61575,0
3.47145,2.68659,0
2.66278,2.20168,0
2.91279,7.98717,0
2.40633,8.22045,0
3.30582,7.98106,0
2.37273,4.04086,0
3.9988,8.88214,0
3.5662,10.59141,0
2.39028,4.87101,0
2.17325,3.74833,0
3.41354,10.36735,0
2.85567,8.4012,0
3.67442,4.03792,0
2.21884,6.78497,0
2.01179,10.66119,0
2.93995,3.29208,0
3.26738,10.51385,0
2.04595,11.42391,0
3.9093,10.89916,0
3.69141,7.12474,0
2.63413,4.13671,0
2.00205,10.02831,0
3.70847,9.67251,0
3.62694,9.25235,0
3.5306,10.53205,0
2.63502,9.79788,0
2.68574,2.17964,0
2.48807,5.34669,0
3.98768,4.55314,0
3.35013,9.28864,0
2.15665,5.06866,0
3.83296,9.50234,0
3.29508,8.82385,0
3.4705,5.32189,0
3.73874,4.43293,0
2.66706,8.54428,0
2.02778,6.27438,0
3.30015,6.11939,0
3.97587,3.54981,0
2.51358,8.76493,0
3.25588,10.44276,0
3.1593,5.30964,0
2.58632,6.93735,0
3.95425,3.79097,0
2.75867,4.39666,0
2.86461,8.41693,0
3.62698,10.53337,0
3.24285,7.18731,0
2.32272,6.10662,0
3.68806,7.96078,0
2.2027,3.26205,0
3.26874,11.45215,0
3.69562,4.32011,0
3.28685,8.76462,0
3.57179,8.61039,0
2.94348,8.66949,0
2.19265,10.38319,0
3.08632,6.75097,0
3.95825,4.81045,0
3.89497,7.76782,0
2.27009,6.63838,0
2.88742,5.18895,0
3.17641,11.64731,0
3.35346,5.04688,0
2.00258,3.41807,0
3.13756,6.4101,0
3.34914,11.35335,0
3.73913,11.22321,0
3.42095,4.85975,0
2.20201,10.11989,0
2.61081,8.52317,0
3.43665,6.00281,0
3.81958,7.26854,0
3.28585,8.40936,0
2.81411,2.14697,0
3.09545,11.57697,0
3.63999,9.35797,0
3.76452,10.79062,0
3.19272,10.46344,0
2.23334,2.76692,0
3.43231,9.74867,0
3.33858,3.46542,0
2.33744,8.67872,0
2.1065,10.70654,0
3.37134,5.08135,0
3.98105,5.64816,0
2.90785,11.79533,0
3.61978,5.51973,0
3.92149,3.78268,0
2.13395,9.42578,0
3.72506,8.12868,0
3.34759,11.7223,0
3.67097,9.62981,0
2.49894,6.23853,0
3.79954,9.74035,0
2.35234,7.29896,0
2.81307,10.21258,0
3.55125,8.36166,0
3.74902,8.89224,0
3.96764,10.70903,0
3.07718,7.23509,0
3.57477,4.42456,0
2.842,4.45163,0
2.18118,10.02125,0
3.02588,2.92809,0
2.07128,4.50957,0
3.56546,5.00768,0
2.78726,9.14651,0
2.33739,10.23207,0
2.06543,4.43922,0
2.28395,7.84896,0
2.45512,11.3343,0
2.1801,2.66152,0
3.12279,11.1237,0
2.34156,11.44537,0
3.63849,9.95815,0
3.49533,2.77487,0
2.71343,2.07359,0
3.19295,4.78293,0
2.92506,5.66818,0
3.43307,6.94473,0
2.8662,8.15321,0
2.33347,3.8467,0
3.48278,2.88065,0
2.32386,3.07718,0
2.92885,11.95585,0
3.24599,4.89178,0
3.5065,2.31405,0
2.47646,8.76456,0
2.67078,2.9786,0
2.88951,10.93445,0
3.10015,10.11602,0
3.23867,5.75132,0
2.28438,8.58351,0
2.22016,2.27792,0
2.78458,2.12885,0
3.07069,5.70668,0
3.46734,8.45226,0
2.7718,4.45158,0
3.83694,11.37943,0
2.7627,7.47064,0
3.3509,8.89972,0
2.6044,5.18667,0
3.44953,11.9915,0
3.23774,10.40481,0
3.80071,6.83727,0
3.40069,10.21582,0
2.70754,11.63825,0
2.11736,11.96945,0
3.62612,6.83071,0
3.85724,5.55604,0
3.02008,6.75741,0
3.33383,6.36679,0
3.74551,11.89068,0
3.03642,6.40379,0
3.20654,2.17401,0
3.89741,10.11181,0
2.09423,11.91874,0
3.73519,10.68361,0
3.84093,5.33801,0
2.9908,9.60553,0
3.51489,6.50984,0
3.12941,4.6214,0
3.98711,9.35967,0
3.2977,4.21673,0
2.00786,11.32546,0
3.97464,11.75414,0
3.79836,10.17574,0
3.68693,11.36393,0
2.7788,3.6683,0
3.85437,3.27546,0
2.29309,3.31271,0
3.52383,2.72773,0
2.35611,6.14849,0
3.54653,3.15661,0
3.50335,5.9041,0
3.07341,7.18173,0
2.26302,11.63924,0
2.54877,10.82785,0
2.49688,7.14638,0
2.42764,10.66143,0
3.78461,9.95602,0
3.65554,7.40005,0
2.39121,6.46431,0
2.87347,4.27237,0
3.85193,4.15801,0
3.55832,9.76651,0
3.38513,8.69787,0
2.45861,10.62637,0
2.53439,10.17724,0
-2.73035,-2.97624,1
-2.03676,-9.74489,1
-3.29288,-10.11392,1
-2.78831,-2.79307,1
-3.48993,-2.80235,1
-3.01857,-10.2845,1
-3.21668,-5.17836,1
-2.73312,-7.54345,1
-3.98337,-10.41756,1
-2.30156,-4.46875,1
-2.29032,-8.98098,1
-2.75065,-8.53307,1
-2.38215,-8.44336,1
-3.00454,-9.32966,1
-3.6558,-7.86203,1
-2.55308,-2.80572,1
-3.2461,-2.57194,1
-2.95067,-9.57636,1
-2.14177,-5.55923,1
-3.20797,-8.48171,1
-2.21157,-7.16123,1
-2.02639,-4.61045,1
-2.36079,-4.01383,1
-3.77584,-5.73665,1
-3.00216,-4.63827,1
-2.45345,-4.12081,1
-2.3966,-7.15681,1
-3.91449,-5.343,1
-2.40081,-8.79716,1
-3.96117,-6.9921,1
-3.8386,-4.90746,1
-2.13491,-4.03341,1
-2.84076,-6.89501,1
-3.15781,-3.94748,1
-2.00601,-6.94683,1
-2.65221,-2.10022,1
-3.40566,-7.22279,1
-3.33328,-3.10121,1
-3.16825,-2.06354,1
-2.06779,-8.84152,1
-3.05148,-11.19317,1
-2.05382,-11.37933,1
-2.85635,-6.58554,1
-2.86115,-4.12164,1
-3.09961,-8.38315,1
-2.35655,-10.58433,1
-2.55768,-4.15074,1
-2.28524,-11.69444,1
-3.46131,-7.64298,1
-3.57372,-6.57966,1
-3.48459,-6.99582,1
-2.3523,-9.13058,1
-2.55391,-8.52193,1
-3.20773,-6.74992,1
-2.87596,-6.0152,1
-3.15472,-8.70661,1
-2.21598,-3.58833,1
-3.03168,-8.22339,1
-2.40438,-11.60447,1
-2.71005,-2.36881,1
-3.96356,-10.58531,1
-2.95109,-4.55637,1
-3.73862,-3.71088,1
-3.3074,-8.19396,1
-2.87709,-4.30712,1
-2.97817,-7.0943,1
-2.21479,-5.03368,1
-2.53073,-8.88442,1
-3.91088,-6.19603,1
-3.93849,-8.73475,1
-2.10443,-4.23104,1
-3.43175,-5.79538,1
-3.4696,-4.38318,1
-2.30571,-4.76087,1
-2.53816,-10.32649,1
-2.30604,-7.78454,1
-3.46008,-10.22584,1
-2.89638,-8.7683,1
-2.08555,-9.00419,1
-3.94215,-3.43926,1
-3.34155,-5.73832,1
-2.79938,-11.53489,1
-3.14229,-8.55837,1
-2.43316,-10.72672,1
-3.13849,-6.77344,1
-2.94472,-6.34431,1
-3.73804,-7.28005,1
-3.46769,-2.34754,1
-2.11608,-9.44136,1
-3.02819,-6.72407,1
-2.20197,-3.14782,1
-3.08956,-7.05679,1
-3.0489,-9.13046,1
-3.68325,-2.9629,1
-3.56066,-11.41208,1
-2.11852,-4.56497,1
-2.17604,-11.85798,1
-2.33166,-5.50137,1
-3.68123,-2.0701,1
-3.3081,-9.12583,1
-2.70061,-4.27082,1
-3.56214,-5.01319,1
-2.27309,-10.04158,1
-3.61262,-11.56863,1
-3.30948,-7.13596,1
-3.32274,-2.55435,1
-3.09716,-10.88021,1
-3.27691,-4.97693,1
-3.5474,-10.09447,1
-3.83927,-6.82895,1
-3.03668,-9.66093,1
-3.59273,-11.02658,1
-3.47412,-4.17415,1
-3.68664,-7.24971,1
-3.40819,-9.02352,1
-3.19885,-9.13201,1
-3.75918,-10.75436,1
-2.89047,-4.70655,1
-3.04653,-9.21809,1
-2.04504,-8.14205,1
-2.70955,-3.49335,1
-2.60437,-3.09719,1
-3.3002,-4.68419,1
-3.07576,-9.13391,1
-3.77768,-4.48185,1
-2.35973,-4.29211,1
-3.07533,-2.62393,1
-2.09555,-3.68244,1
-2.50126,-9.52025,1
-3.59834,-8.08963,1
-2.03478,-8.27502,1
-3.78546,-8.95096,1
-2.5853,-3.90944,1
-3.24,-5.87838,1
-3.22181,-7.90503,1
-2.54746,-6.50876,1
-2.28833,-3.95253,1
-2.44676,-5.79619,1
-3.65982,-5.62756,1
-2.63838,-6.71518,1
-3.39902,-5.85967,1
-2.00747,-3.16508,1
-2.23746,-2.68971,1
-2.47533,-3.48673,1
-3.70335,-7.72095,1
-3.3558,-7.08444,1
-2.40857,-4.54143,1
-2.54411,-4.24676,1
-3.64496,-8.00341,1
-2.95535,-4.52687,1
-2.03716,-9.90857,1
-3.0231,-4.35166,1
-3.5226,-9.49055,1
-2.11569,-2.1963,1
-3.75219,-4.58991,1
-3.19352,-5.38057,1
-3.14247,-9.54009,1
-2.84593,-3.81532,1
-3.57155,-3.0373,1
-3.97051,-5.04464,1
-3.21266,-2.72069,1
-3.78157,-3.58362,1
-3.39326,-4.02181,1
-3.14531,-3.89124,1
-2.23978,-6.18191,1
-2.51561,-8.29671,1
-3.37323,-3.08903,1
-3.98277,-2.14626,1
-3.1402,-5.27433,1
-2.31433,-9.34439,1
-2.12881,-11.42399,1
-3.8174,-3.28553,1
-3.50569,-5.77835,1
-3.86988,-2.04126,1
-2.55897,-8.75137,1
-3.45494,-10.55171,1
-3.09582,-3.16216,1
-3.81598,-7.0314,1
-3.36457,-2.57259,1
-2.34023,-2.78934,1
-3.71709,-10.66576,1
-3.70572,-9.96432,1
-2.05602,-6.16998,1
-2.96097,-6.2935,1
-2.80793,-5.64648,1
-2.20915,-5.54466,1
-3.53941,-7.6727,1
-2.97116,-4.52682,1
-2.15402,-3.98073,1
-2.26073,-8.80607,1
-2.2693,-4.73105,1
-2.46044,-6.51831,1
-2.39784,-7.25523,1
-2.60996,-2.95951,1
-2.58916,-4.84583,1
-2.9513,-9.5645,1
-3.43542,-11.8893,1
-3.21446,-9.83375,1
-2.65622,-4.54027,1
-2.12561,-3.28837,1
-2.21587,-7.49726,1
-2.12287,-3.80582,1
-2.50158,-8.17454,1
-2.83459,-7.26141,1
-2.6554,-6.453,1
-2.00504,-7.8976,1
-2.19953,-5.67071,1
-3.00495,-3.50835,1
-3.68028,-5.01583,1
-2.64136,-6.69071,1
-3.97812,-6.00342,1
-3.64883,-7.9395,1
-2.79319,-3.91293,1
-2.88195,-10.02951,1
-2.39591,-7.66718,1
-2.04449,-4.39147,1
-2.84498,-8.68378,1
-3.10132,-4.43578,1
-2.16159,-3.10916,1
-3.79813,-5.80058,1
-3.79426,-2.49498,1
-3.98468,-8.24634,1
-3.03838,-5.06226,1
-3.80892,-8.097,1
-3.2261,-11.16831,1
-3.26865,-3.02395,1
-3.85323,-3.78358,1
-2.06544,-4.06735,1
-2.12287,-8.65411,1
-3.42123,-5.18741,1
-2.44957,-7.22368,1
-2.04594,-9.69451,1
-3.28267,-10.35702,1
-3.08333,-4.33455,1
-3.0197,-2.2355,1
-3.26149,-7.5181,1
-3.77545,-8.07638,1
-3.51413,-9.99729,1
-3.18373,-11.60926,1
-3.54355,-2.29521,1
-2.57442,-3.25646,1
-2.4484,-3.11104,1
-2.39315,-7.59714,1
-3.05674,-3.27338,1
-2.70269,-7.1337,1
-3.27254,-11.94155,1
-2.82736,-7.27117,1
-2.72391,-2.83182,1
-3.97485,-8.44062,1
-2.41114,-7.09705,1
3.10996,-7.95586,2
3.32046,-2.35952,2
2.54635,-11.87405,2
3.90851,-7.02232,2
3.94838,-7.2846,2
3.67278,-7.38161,2
2.32451,-8.83113,2
3.67853,-2.64211,2
2.83456,-9.8116,2
3.98785,-5.81369,2
3.01293,-11.53745,2
2.07554,-5.52409,2
3.32859,-3.63291,2
2.97017,-5.21462,2
2.80513,-3.83985,2
3.9065,-5.18102,2
3.22597,-6.3029,2
3.31778,-3.4144,2
2.99243,-2.58002,2
3.64149,-4.47103,2
3.47371,-2.77286,2
2.36341,-11.29285,2
3.31972,-6.6899,2
2.6639,-8.22822,2
2.4849,-10.86882,2
3.78545,-9.39974,2
2.01897,-2.96214,2
3.7167,-8.49841,2
3.57402,-6.46358,2
2.39164,-2.07994,2
2.5326,-4.49977,2
3.36455,-11.21756,2
2.33595,-7.77072,2
3.40266,-2.14646,2
3.26305,-4.2006,2
2.81017,-7.1869,2
2.7453,-8.83793,2
3.85176,-11.70917,2
2.01972,-8.40216,2
2.82827,-2.64375,2
3.85403,-7.89475,2
3.47423,-10.6387,2
3.44359,-10.43081,2
3.6299,-2.09351,2
2.29681,-5.58924,2
2.46075,-8.88596,2
2.07454,-6.12749,2
2.90673,-2.34153,2
3.18824,-10.01392,2
3.24494,-9.40844,2
2.68277,-9.79615,2
2.25256,-2.94675,2
2.69838,-5.40616,2
3.04294,-9.17578,2
3.96762,-8.3698,2
3.18207,-3.53066,2
3.87514,-2.18016,2
2.57659,-7.57768,2
3.85081,-7.6836,2
2.39302,-5.9768,2
3.34517,-8.70878,2
2.06309,-11.83038,2
2.42793,-2.05047,2
2.66686,-8.70513,2
2.49661,-9.5634,2
3.94015,-8.16935,2
3.87484,-5.69434,2
3.23063,-10.42878,2
2.31294,-7.8353,2
3.02439,-3.99586,2
2.73779,-8.62119,2
2.65066,-7.84764,2
3.91595,-2.60682,2
2.64999,-8.61712,2
3.80182,-8.32508,2
2.45285,-2.52321,2
3.38201,-2.5966,2
3.94507,-11.69239,2
2.34196,-3.84995,2
3.28721,-10.46778,2
3.95929,-7.76155,2
2.69934,-3.52694,2
3.0348,-6.36483,2
2.4843,-10.93558,2
2.06059,-5.39619,2
2.43636,-6.94664,2
3.96346,-7.25751,2
3.22715,-9.63302,2
2.15188,-5.56291,2
2.82699,-9.70212,2
2.39275,-6.98684,2
3.39814,-3.86093,2
3.35192,-3.92465,2
2.81522,-11.03334,2
2.1789,-10.14069,2
2.94659,-3.37399,2
3.60526,-5.2043,2
2.04479,-2.40187,2
3.04192,-8.62214,2
2.9091,-9.65057,2
3.29966,-4.74303,2
3.81923,-3.81591,2
3.41782,-10.88741,2
2.10797,-6.01499,2
3.97877,-10.46292,2
2.84856,-6.65514,2
2.65312,-6.63971,2
3.84161,-9.58655,2
2.25946,-10.03689,2
2.57542,-3.01485,2
3.20346,-3.49957,2
3.99896,-10.36939,2
2.81232,-4.59505,2
2.67886,-9.07581,2
3.87141,-10.53621,2
3.58403,-9.43496,2
3.42315,-11.1543,2
3.41859,-8.53886,2
3.22446,-7.16818,2
3.58901,-5.49731,2
2.81583,-11.6617,2
3.9653,-3.75468,2
3.43999,-3.75973,2
2.57335,-4.99701,2
3.78202,-10.05859,2
3.52378,-8.71747,2
3.76402,-6.79012,2
2.76794,-5.77971,2
3.21088,-8.78971,2
3.74231,-10.06765,2
2.09714,-7.9907,2
2.50348,-6.8071,2
2.4813,-3.78025,2
3.71188,-6.15408,2
2.82059,-7.65937,2
3.10307,-4.27269,2
2.37517,-3.35256,2
3.0396,-11.94708,2
3.16851,-7.93042,2
3.00916,-3.94729,2
2.03803,-6.80675,2
3.40223,-4.1374,2
3.42579,-3.02194,2
3.31112,-4.81549,2
3.48333,-8.94852,2
3.52186,-6.35116,2
2.04153,-8.19298,2
2.46311,-11.0696,2
2.16554,-10.62918,2
3.24277,-10.43488,2
3.97105,-10.10169,2
2.79185,-11.40952,2
3.57413,-3.26013,2
3.00908,-4.2393,2
2.39508,-8.73182,2
3.74975,-8.2827,2
3.38138,-4.52136,2
3.98787,-4.36493,2
2.46854,-8.38742,2
3.07444,-9.25272,2
2.53573,-2.19102,2
3.24325,-8.95609,2
2.06038,-11.2041,2
3.45119,-11.26682,2
3.97553,-5.47813,2
3.01826,-4.33139,2
3.1304,-9.80107,2
2.16171,-7.30938,2
3.47782,-5.90353,2
3.89756,-4.02336,2
3.38169,-8.69149,2
3.62328,-9.99609,2
3.76286,-4.17146,2
3.88873,-3.93025,2
2.19564,-9.06918,2
3.68084,-9.65696,2
2.26372,-6.24347,2
3.45855,-7.25622,2
3.5015,-5.43265,2
2.18867,-9.0145,2
3.04613,-8.3402,2
2.09886,-5.92127,2
2.34817,-4.82135,2
2.20377,-6.72915,2
2.2513,-2.11052,2
2.09623,-9.36152,2
2.50893,-3.08263,2
2.58422,-4.60201,2
3.59016,-8.66011,2
2.75475,-5.52523,2
3.75392,-3.60227,2
3.49166,-3.78864,2
2.28483,-10.60878,2
3.49285,-8.41198,2
3.02307,-3.90685,2
2.33279,-6.92547,2
3.91321,-10.08349,2
3.54814,-10.33933,2
3.83003,-5.49573,2
2.80519,-2.71084,2
3.47359,-3.80855,2
2.02145,-9.02984,2
3.38803,-9.90486,2
3.2291,-9.53924,2
2.10758,-6.48458,2
3.37376,-4.23501,2
2.74501,-11.85186,2
2.6509,-5.16714,2
2.84272,-9.08819,2
2.01705,-2.38581,2
2.94026,-6.03779,2
3.59702,-5.49926,2
2.36517,-3.68814,2
3.50711,-8.43452,2
3.8341,-4.54138,2
2.78702,-9.6831,2
2.56995,-10.64685,2
3.21682,-9.38014,2
3.44747,-7.50516,2
3.06141,-9.89362,2
2.66066,-9.55981,2
3.99616,-10.56519,2
3.82007,-8.96508,2
3.746,-11.40396,2
3.19965,-2.91946,2
3.65889,-4.8439,2
3.76533,-3.53396,2
3.15004,-10.0088,2
3.40058,-6.60719,2
2.62837,-7.99225,2
2.48797,-8.52781,2
3.84738,-5.2607,2
2.0592,-3.38586,2
3.27884,-6.02428,2
3.94678,-4.83584,2
3.95311,-10.54425,2
3.28872,-11.74769,2
2.71245,-9.59268,2
3.95365,-6.82581,2
2.62121,-9.99985,2
2.13264,-7.07085,2
2.54669,-11.5752,2
3.2364,-6.3652,2
3.27278,-2.27985,2
3.27355,-5.64779,2
2.8577,-7.73097,2
2.70391,-11.88813,2
2.05845,-7.37265,2
2.82134,-9.65217,2
3.00141,-4.40547,2
-3.35067,10.157,3
-3.92284,2.56934,3
-2.51503,4.07424,3
-3.23139,2.62586,3
-2.27112,2.32158,3
-2.37438,3.4767,3
-3.11355,4.30133,3
-3.78083,4.88364,3
-3.85003,6.47189,3
-2.64243,4.89895,3
-3.32762,8.59508,3
-3.76708,5.06481,3
-2.87779,4.39702,3
-2.40756,11.23583,3
-2.1368,2.89533,3
-2.73059,3.93205,3
-2.82372,3.31224,3
-2.02702,7.71372,3
-2.0941,8.43973,3
-2.91421,4.73536,3
-3.08398,5.9556,3
-3.51491,5.36449,3
-2.40074,3.4924,3
-2.528,11.53022,3
-3.61363,4.19388,3
-2.8281,10.07788,3
-3.284,11.93501,3
-3.08513,8.66073,3
-2.14378,4.52538,3
-2.40949,11.95788,3
-2.4925,11.94902,3
-2.73324,3.52368,3
-2.79837,10.70969,3
-3.77583,8.54654,3
-3.50251,6.54793,3
-2.16245,6.20595,3
-3.30112,8.69273,3
-2.89834,6.07597,3
-2.38968,3.4636,3
-2.55582,5.12271,3
-3.35518,3.71823,3
-2.21121,6.57413,3
-2.5957,8.95913,3
-2.04655,2.84195,3
-3.1654,5.31367,3
-3.73543,9.17414,3
-2.9296,9.70026,3
-3.47246,9.92823,3
-3.78039,2.13466,3
-2.8522,7.14049,3
-2.27615,11.65324,3
-3.65153,5.38892,3
-3.57466,2.83382,3
-2.00076,5.46662,3
-2.44664,6.54526,3
-3.76785,5.62536,3
-2.03384,6.46771,3
-2.91046,8.39568,3
-2.49968,7.29009,3
-2.48768,9.51523,3
-3.6761,7.26511,3
-3.90794,4.13932,3
-3.54952,5.99853,3
-2.52301,9.55039,3
-3.93602,9.33869,3
-3.18872,5.79872,3
-2.46986,5.36317,3
-2.17396,7.47897,3
-3.78236,3.43366,3
-2.27021,9.31304,3
-3.29444,8.82233,3
-3.79565,7.66858,3
-2.84747,10.56562,3
-3.50153,2.55045,3
-3.08082,6.6411,3
-3.2642,5.70268,3
-2.15457,7.35142,3
-3.39997,8.76462,3
-3.62961,2.41668,3
-3.56526,9.3612,3
-2.39691,7.89602,3
-2.47562,4.77509,3
-2.36315,9.61127,3
-3.0493,6.261,3
-3.42797,10.04935,3
-3.42422,10.28087,3
-2.12884,10.95487,3
-3.41364,3.56059,3
-3.34179,6.1694,3
-3.73101,6.24172,3
-3.39008,3.36142,3
-2.83231,4.64922,3
-2.28532,4.41133,3
-3.92961,7.9712,3
-3.72305,11.88017,3
-2.18802,3.25513,3
-3.09046,5.94286,3
-3.33675,7.45873,3
-3.05338,4.38734,3
-3.50478,10.82565,3
-3.77351,3.91015,3
-2.14647,2.96058,3
-2.70255,9.9804,3
-3.18152,9.76429,3
-2.54195,10.04794,3
-2.12075,2.08459,3
-3.91525,11.1543,3
-2.35851,9.69545,3
-3.94541,11.18282,3
-3.59547,10.31754,3
-2.13141,4.42857,3
-3.49048,2.17049,3
-2.0942,8.62302,3
-3.39055,5.97597,3
-2.33183,2.48423,3
-3.51361,9.13718,3
-3.99072,2.26892,3
-3.87699,7.23475,3
-3.37916,3.48079,3
-3.31623,3.84188,3
-2.71661,10.00894,3
-3.46919,4.23935,3
-2.36311,5.92489,3
-3.49631,5.75833,3
-2.04354,9.13798,3
-3.82895,3.99118,3
-3.82165,2.77757,3
-3.33396,4.80209,3
-3.22492,10.16146,3
-3.77378,7.64616,3
-2.32415,10.86802,3
-2.96642,5.22278,3
-2.15325,2.35637,3
-3.22516,8.67535,3
-3.20344,2.47173,3
-2.88862,11.90751,3
-2.79582,7.88959,3
-2.89894,11.78795,3
-2.25353,10.64371,3
-2.03804,11.64415,3
-2.87719,3.1571,3
-2.11913,11.0629,3
-3.56288,7.43891,3
-2.57745,11.90779,3
-2.92048,8.7033,3
-2.28656,11.80086,3
-2.26223,6.80378,3
-2.82173,6.40411,3
-3.35436,10.84114,3
-2.18788,7.90147,3
-3.56761,10.57339,3
-2.98308,3.44769,3
-2.15017,7.57182,3
-3.2307,8.47769,3
-2.53152,5.44403,3
-2.24683,5.76889,3
-3.89902,5.16093,3
-2.52099,6.35674,3
-2.72604,10.07944,3
-2.39716,3.03455,3
-2.68547,11.98878,3
-2.63322,10.56055,3
-2.27069,5.86611,3
-3.80199,7.08772,3
-2.11252,3.89557,3
-3.32812,4.11212,3
-3.62996,4.78758,3
-3.67007,2.05941,3
-2.077,7.22243,3
-2.32232,7.5893,3
-2.98057,5.41237,3
-3.66937,5.77282,3
-3.87839,11.2438,3
-3.59868,4.77579,3
-2.13722,8.51552,3
-2.90842,6.85493,3
-3.11236,4.59439,3
-3.37413,10.54402,3
-2.16594,8.87333,3
-3.1053,10.00942,3
-2.24282,10.31106,3
-3.02867,11.6023,3
-3.53435,9.24083,3
-3.52911,3.9731,3
-3.81806,2.32421,3
-2.79145,9.08106,3
-2.5932,10.3826,3
-2.82523,7.37404,3
-3.86301,11.67338,3
-3.00241,8.98851,3
-2.4927,9.97714,3
-3.10614,10.22027,3
-3.27082,2.62765,3
-3.39848,2.36326,3
-3.92608,2.33524,3
-3.93816,11.97549,3
-3.75617,6.77785,3
-2.56554,2.41778,3
-2.24955,6.86455,3
-2.89423,10.65058,3
-3.48576,11.9694,3
-2.26559,10.77257,3
-3.97734,2.79716,3
-2.99195,7.95665,3
-3.55966,4.77884,3
-2.28032,5.28321,3
-3.39055,9.38363,3
-2.12177,4.83967,3
-2.19757,3.09644,3
-2.21296,2.42205,3
-3.36974,5.60603,3
-3.46476,3.31834,3
-3.44889,4.93661,3
-3.80525,9.07508,3
-2.30388,11.60839,3
-3.90837,7.63196,3
-3.1865,8.3065,3
-2.99534,5.09882,3
-2.89895,8.39801,3
-2.77617,4.88312,3
-3.93338,11.61927,3
-2.16133,7.47592,3
-2.37097,4.16414,3
-3.68598,4.8591,3
-2.68951,2.4562,3
-3.26564,10.80469,3
-2.56063,2.2525,3
-3.45597,2.79419,3
-3.41317,7.65553,3
-2.81304,7.9188,3
-3.51526,3.99814,3
-3.82642,5.70465,3
-2.57216,5.5608,3
-2.90704,4.13265,3
-3.29197,8.58783,3
-2.86795,3.69238,3
-3.65415,2.17793,3
-3.07178,8.6476,3
-3.22615,5.91931,3
-2.67617,7.01229,3
-3.31372,9.1132,3
-2.79406,4.02927,3
-2.59972,8.27349,3
-3.66075,10.32189,3
-2.04834,11.64917,3
-2.11681,3.1823,3
-2.96657,11.84462,3
-3.82536,2.9078,3
-2.63541,11.62853,3
-2.25117,8.3262,3
